plot_data = [
{id:"UCD-miitqNY3nyukJ4Fnf4_A", name:"月ノ美兎", posX:0.4775551779678782, posY:-0.6061907978848609, url:"https://yt3.ggpht.com/a/AGF-l7-_h5zNb12kC6RvqaIeU4D76RSvNkZiys12VQ=s240-c-k-c0xffffffff-no-rj-mo"},
{id:"UC0g1AE0DOjBYnLhkgoRWN1w", name:"本間ひまわり - Himawari Honma -", posX:0.3320431332740532, posY:-0.30510850689877134, url:"https://yt3.ggpht.com/a/AGF-l7-YR3ZppjnCTwbgTvuZcPH6pXVfoRUlUXVZ=s240-c-k-c0xffffffff-no-rj-mo"},
{id:"UC6oDys1BGgBsIC3WhG1BovQ", name:"Shizuka Rin Official", posX:0.43418047767161555, posY:-0.49540522498506895, url:"https://yt3.ggpht.com/a/AGF-l79T78V0-9yOApYDZHpHN7A5Fke0uJiTcEJWAg=s240-c-k-c0xffffffff-no-rj-mo"},
{id:"UCsg-YqdqQ-KFF0LNk23BY4A", name:"樋口楓【にじさんじ所属】", posX:0.3969855295698612, posY:-0.5426646110584031, url:"https://yt3.ggpht.com/a/AGF-l7-OQI7tY9x5HmzP4nLXKyjsgjCatrfwnLWsDg=s240-c-k-c0xffffffff-no-rj-mo"},
{id:"UC_4tXjqecqox5Uc05ncxpxg", name:"椎名唯華", posX:0.3131231421981185, posY:0.3767870178420669, url:"https://yt3.ggpht.com/a/AGF-l7_ElOeLPWELh-w_O_LNx4MV1O_MM3pH7XNqFg=s240-c-k-c0xffffffff-no-rj-mo"},
{id:"UCoztvTULBYd3WmStqYeoHcA", name:"笹木咲 / Sasaki Saku", posX:-0.2616708805363185, posY:0.5102360223571772, url:"https://yt3.ggpht.com/a/AGF-l79Vb9rz5ACtGW1YTCpnj5XFlqpwT6q1-SD7=s240-c-k-c0xffffffff-no-rj-mo"},
{id:"UCwokZsOK_uEre70XayaFnzA", name:"鈴鹿詩子 Utako Suzuka", posX:-0.3112337935836121, posY:-0.5969325652779003, url:"https://yt3.ggpht.com/a/AGF-l79FVhOlqpIAgv94IbSVMRFw7inrg6WF1DPcrQ=s240-c-k-c0xffffffff-no-rj-mo"},
{id:"UCCVwhI5trmaSxfcze_Ovzfw", name:"夢月ロア🌖Yuzuki Roa", posX:0.3612685736578534, posY:0.5638732398155373, url:"https://yt3.ggpht.com/a/AGF-l79gkgR05I6pSCM2VQUZfalk4YV0WemNwfXGzg=s240-c-k-c0xffffffff-no-rj-mo"},
{id:"UCSFCh5NL4qXrAy9u-u2lX3g", name:"Kuzuha Channel", posX:-0.32435728328480695, posY:0.4181052246104857, url:"https://yt3.ggpht.com/a/AGF-l7-HFAksxujKK1d-wpknr9W3aXEFBnzFLjXjmQ=s240-c-k-c0xffffffff-no-rj-mo"},
{id:"UCt0clH12Xk1-Ej5PXKGfdPA", name:"♥️♠️物述有栖♦️♣️", posX:-0.478355620953032, posY:-0.6004171533851499, url:"https://yt3.ggpht.com/a/AGF-l7_OXxl-HOWIQaxDv8KNbYNQOWl6lu0hBflqnw=s240-c-k-c0xffffffff-no-rj-mo"},
{id:"UC1zFJrfEKvCixhsjNSb1toQ", name:"シスター・クレア -SisterClaire-", posX:0.541378719940086, posY:-0.4773241729410537, url:"https://yt3.ggpht.com/a/AGF-l78y7eBRq0GSwxGNZXOaXyAwTLT-BxoK5ohpqw=s240-c-k-c0xffffffff-no-rj-mo"},
{id:"UCPvGypSgfDkVe7JG2KygK7A", name:"竜胆 尊 / Rindou Mikoto", posX:0.49635244256056965, posY:-0.48424701648480273, url:"https://yt3.ggpht.com/a/AGF-l7-vJk9vwuWozWErKkcbyJntlVUyq7O5QSR8Eg=s240-c-k-c0xffffffff-no-rj-mo"},
{id:"UCt5-0i4AVHXaWJrL8Wql3mw", name:"緑仙channel", posX:0.5118652992528808, posY:0.2684498984817437, url:"https://yt3.ggpht.com/a/AGF-l7-fHgYkFvGTK5Ts-9YHhADdKaG6krCWL910oA=s240-c-k-c0xffffffff-no-rj-mo"},
{id:"UCZ1xuCK1kNmn5RzPYIZop3w", name:"リゼ・ヘルエスタ -Lize Helesta-", posX:-0.40911933129765765, posY:0.5458801702986472, url:"https://yt3.ggpht.com/a/AGF-l78Dn33A7SSQksXgT6zB0_k2f2ysEz0-_ZOthw=s240-c-k-c0xffffffff-no-rj-mo"},
{id:"UCspv01oxUFf_MTSipURRhkA", name:"Kanae Channel", posX:-0.2494611680681272, posY:0.36521607539920165, url:"https://yt3.ggpht.com/a/AGF-l7_F1Nm7zCNWWmeQM2gunrs46MdudkohaXv0Bg=s240-c-k-c0xffffffff-no-rj-mo"},
{id:"UCwQ9Uv-m8xkE5PzRc7Bqx3Q", name:"御伽原 江良 / Otogibara Era【にじさんじ】", posX:-0.4493147762195066, posY:0.39675750601799664, url:"https://yt3.ggpht.com/a/AGF-l78nQ16SBsVIzTeummMtgtJRdNddR-v_Qs_rfQ=s240-c-k-c0xffffffff-no-rj-mo"},
{id:"UCbc8fwhdUNlqi-J99ISYu4A", name:"ベルモンド・バンデラス", posX:0.5175608188754999, posY:-0.2890089043272102, url:"https://yt3.ggpht.com/a/AGF-l79zbc_ymqkoY-GBKHyFDG8mtQwWk7p_CYW-Hg=s240-c-k-c0xffffffff-no-rj-mo"},
{id:"UCeShTCVgZyq2lsBW9QwIJcw", name:"【3年0組】郡道美玲の教室", posX:0.5059202644116705, posY:0.4967215122655655, url:"https://yt3.ggpht.com/a/AGF-l7-3D5YDtJI5QrNX1YZrmoITlUIRqrLHF0IJaQ=s240-c-k-c0xffffffff-no-rj-mo"},
{id:"UCHVXbQzkl3rDfsXWo8xi2qw", name:"アンジュ・カトリーナ - Ange Katrina -", posX:-0.48320271214992333, posY:0.5464516603491275, url:"https://yt3.ggpht.com/a/AGF-l7_YXF9WTW_qVXelYeFXTr5jAMP3jqZjSAKi3A=s240-c-k-c0xffffffff-no-rj-mo"},
{id:"UCLO9QDxVL4bnvRRsz6K4bsQ", name:"ちひろチャンネル", posX:-0.3708144224092311, posY:-0.44167132235720763, url:"https://yt3.ggpht.com/a/AGF-l78XVY6iapZNwq26ipDHk4eLu3kBys3nIl8c1w=s240-c-k-c0xffffffff-no-rj-mo"},
{id:"UCV5ZZlLjk5MKGg3L0n0vbzw", name:"鷹宮リオン", posX:0.45644700104179237, posY:-0.13405338852185283, url:"https://yt3.ggpht.com/a/AGF-l78hx6ii25kXsCTWBDWaHvlYNPk44NzKdDnIkQ=s240-c-k-c0xffffffff-no-rj-mo"},
{id:"UC_a1ZYZ8ZTXpjg9xUY9sj8w", name:"鈴原るる【にじさんじ所属】", posX:0.5603102781186274, posY:0.6148715734290845, url:"https://yt3.ggpht.com/a/AGF-l7-3Dcc3AuL3_FXsiBFgOOBTuL8XUiYIWebhOA=s240-c-k-c0xffffffff-no-rj-mo"},
{id:"UCYKP16oMX9KKPbrNgo_Kgag", name:"エルフのえる / にじさんじ所属", posX:0.4599714623034319, posY:-0.5717872826299649, url:"https://yt3.ggpht.com/a/AGF-l7_AQCRUteV-qi7_TTquMFXOi4wf_CotKkpDRQ=s240-c-k-c0xffffffff-no-rj-mo"},
{id:"UCv1fFr156jc65EMiLbaLImw", name:"剣持刀也", posX:-0.33151895598058306, posY:-0.5517936511796584, url:"https://yt3.ggpht.com/a/AGF-l78JwRlRIlR82frAXYbjZ_a6yHSj8njkMMBQvA=s240-c-k-c0xffffffff-no-rj-mo"},
{id:"UCtpB6Bvhs1Um93ziEDACQ8g", name:"森中花咲", posX:-0.45517788705785067, posY:-0.563208704043908, url:"https://yt3.ggpht.com/a/AGF-l7-uPpMX0WRu64RHt2j3xPajkRteDGLuDWFR3A=s240-c-k-c0xffffffff-no-rj-mo"},
{id:"UC53UDnhAAYwvNO7j_2Ju1cQ", name:"ドーラ", posX:0.45654604528986753, posY:-0.3821817186977541, url:"https://yt3.ggpht.com/a/AGF-l7_rmtymgg66IzyXcNx4NcBctFs_s6OtFV4YCg=s240-c-k-c0xffffffff-no-rj-mo"},
{id:"UCKMYISTJAQ8xTplUPHiABlA", name:"社築", posX:0.5179923602545764, posY:0.3969271544800262, url:"https://yt3.ggpht.com/a/AGF-l78UdWk_9gZGnCkMgHr_O_R1M1raW5gSvXMH_w=s240-c-k-c0xffffffff-no-rj-mo"},
{id:"UCmUjjW5zF1MMOhYUwwwQv9Q", name:"宇志海いちご", posX:0.3207011145002159, posY:-0.5104868254034745, url:"https://yt3.ggpht.com/a/AGF-l78PzRxSDQxi2jCtQxYT4-3GMelm5z6ydptlvw=s240-c-k-c0xffffffff-no-rj-mo"},
{id:"UCXRlIK3Cw_TJIQC5kSJJQMg", name:"戌亥とこ-Inui Toko-【にじさんじ】", posX:-0.5275455676814865, posY:0.6142254464291063, url:"https://yt3.ggpht.com/a/AGF-l7-fE2Mhle5lvjeQCxr8ZEtufNkDuCRAg5LSkA=s240-c-k-c0xffffffff-no-rj-mo"},
{id:"UC_GCs6GARLxEHxy1w40d6VQ", name:"家長むぎ【にじさんじ所属】", posX:0.40228714280345507, posY:-0.6572736497166021, url:"https://yt3.ggpht.com/a/AGF-l7-zIf7VFqw2EDC3l7y_UpaxfdrAu-YEQcRGJA=s240-c-k-c0xffffffff-no-rj-mo"},
{id:"UCveZ9Ic1VtcXbsyaBgxPMvg", name:"童田明治-わらべだめいじー-", posX:0.35529571105176816, posY:-0.4155477533033304, url:"https://yt3.ggpht.com/a/AGF-l7-ZI26nfpyT5RpePovfIqJ7uoqhPFTiLC0OMQ=s240-c-k-c0xffffffff-no-rj-mo"},
{id:"UChUJbHiTVeGrSkTdBzVfNCQ", name:"ジョー・力一", posX:0.5839784518552603, posY:-0.16872506494911155, url:"https://yt3.ggpht.com/a/AGF-l79CTnTrMPJupy09_b8EeDmYN5F76pcqe2Ryew=s240-c-k-c0xffffffff-no-rj-mo"},
{id:"UCvmppcdYf4HOv-tFQhHHJMA", name:"《にじさんじ所属の女神》モイラ", posX:-0.42295362802933795, posY:-0.6428511957942263, url:"https://yt3.ggpht.com/a/AGF-l7-qUv-puWNfCl4p5PeXflEYeTO79ZrAdX3Q=s240-c-k-c0xffffffff-no-rj-mo"},
{id:"UCjlmCrq4TP1I4xguOtJ-31w", name:"でびでび・でびる", posX:0.4699611347246102, posY:0.48801853576459375, url:"https://yt3.ggpht.com/a/AGF-l7-NOLCfp1v_PxvXY1WMNGLuMxR59JIpMUnhgQ=s240-c-k-c0xffffffff-no-rj-mo"},
{id:"UCJubINhCcFXlsBwnHp0wl_g", name:"舞元啓介", posX:0.5460097985492096, posY:-0.18449291441592597, url:"https://yt3.ggpht.com/a/AGF-l7_rPWdBeEN4wNmK9g52VRvDm1BSXGlSiaEwPw=s240-c-k-c0xffffffff-no-rj-mo"},
{id:"UCdpUojq0KWZCN9bxXnZwz5w", name:"アルス・アルマル -ars almal- 【にじさんじ】", posX:0.5336648085965771, posY:0.7555453226040665, url:"https://yt3.ggpht.com/a/AGF-l78YnmyE3snkHMp_18AZOP5QRH2WOYSBlnPKFA=s240-c-k-c0xffffffff-no-rj-mo"},
{id:"UCsFn_ueskBkMCEyzCEqAOvg", name:"花畑チャイカ", posX:0.45306568982942563, posY:0.37596952035864734, url:"https://yt3.ggpht.com/a/AGF-l7-c1NWuEQRgBfgryqZmRH-9g7RITGgnQouaNQ=s240-c-k-c0xffffffff-no-rj-mo"},
{id:"UCmovZ2th3Sqpd00F5RdeigQ", name:"加賀美 ハヤト/Hayato Kagami", posX:0.5719223144413542, posY:0.631602534092572, url:"https://yt3.ggpht.com/a/AGF-l78QUJmKPULTDMBRlUdaWtzLL9BTLye1WtxAog=s240-c-k-c0xffffffff-no-rj-mo"},
{id:"UC9EjSJ8pvxtvPdxLOElv73w", name:"魔界ノりりむ", posX:-0.28776780566539956, posY:0.46762801319590236, url:"https://yt3.ggpht.com/a/AGF-l797RqHjbIVZqnqiIZRNzRdoctiw1PPh10A7LA=s240-c-k-c0xffffffff-no-rj-mo"},
{id:"UCfM_A7lE6LkGrzx6_mOtI4g", name:"雪汝*setsuna channel", posX:0.5606795736820583, posY:-0.599846165396885, url:"https://yt3.ggpht.com/a/AGF-l79mnH4T3UwkDtB7ZWSZWmqHBTAi9_x7mKullg=s240-c-k-c0xffffffff-no-rj-mo"},
{id:"UCb5JxV6vKlYVknoJB8TnyYg", name:"黛 灰 / Kai Mayuzumi【にじさんじ】", posX:0.4041692059335845, posY:0.656174250011974, url:"https://yt3.ggpht.com/a/AGF-l78jprDdrETIP72ghcoN5BMG73aElVoJaZzvBw=s240-c-k-c0xffffffff-no-rj-mo"},
{id:"UCBi8YaVyZpiKWN3_Z0dCTfQ", name:"Akabane Channel", posX:-0.5026571665696805, posY:0.3030298230400834, url:"https://yt3.ggpht.com/a/AGF-l79gadShrMVOeZevaBkL5IKmyx_7sRfxl_kjkQ=s240-c-k-c0xffffffff-no-rj-mo"},
{id:"UCTIE7LM5X15NVugV7Krp9Hw", name:"夢追翔のJUKE BOX", posX:0.5682780137597306, posY:0.3883321565136977, url:"https://yt3.ggpht.com/a/AGF-l794QDYOeL_FbljZU73cJWxKLj8ZJHn7hvfoAQ=s240-c-k-c0xffffffff-no-rj-mo"},
{id:"UC48jH1ul-6HOrcSSfoR02fQ", name:"Yuhi Riri Official", posX:-0.2968630520112891, posY:-0.4886016582362538, url:"https://yt3.ggpht.com/a/AGF-l7_XeICb6sZ0keumRyeoLyUTOJydQQCgfEBrYw=s240-c-k-c0xffffffff-no-rj-mo"},
{id:"UCGYAYLDE7TZiiC8U6teciDQ", name:"葉加瀬 冬雪 / Hakase Fuyuki", posX:0.4918971350232507, posY:0.677524578842256, url:"https://yt3.ggpht.com/a/AGF-l79p_R2nrPonwGV1-55uhWWw6GUO8Y3WD0SELw=s240-c-k-c0xffffffff-no-rj-mo"},
{id:"UCIytNcoz4pWzXfLda0DoULQ", name:"エクス・アルビオ -Ex Albio-", posX:-0.3329694407965181, posY:0.5997119335585144, url:"https://yt3.ggpht.com/a/AGF-l79jh9CH0lngnL5gJuU6C5ePzzXgQ-CDCs7Afg=s240-c-k-c0xffffffff-no-rj-mo"},
{id:"UC3lNFeJiTq6L3UWoz4g1e-A", name:"卯月コウ", posX:0.4015825481759202, posY:0.440976593405322, url:"https://yt3.ggpht.com/a/AGF-l78O3ZBZy7Z6Xvunp0VRixWSPFEP9pMUhkBODQ=s240-c-k-c0xffffffff-no-rj-mo"},
{id:"UCfQVs_KuXeNAlGa3fb8rlnQ", name:"桜凛月", posX:0.5278588671851376, posY:0.44504770712727054, url:"https://yt3.ggpht.com/a/AGF-l797yMpOSt808Cx6bS4B1V7oz_HvB30hIe02iA=s240-c-k-c0xffffffff-no-rj-mo"},
{id:"UCRWOdwLRsenx2jLaiCAIU4A", name:"雨森小夜", posX:0.6775342842652019, posY:0.46632405062755394, url:"https://yt3.ggpht.com/a/AGF-l79eOdM-7T5y9OCTQirBBF7AKR5WWxs46HBcPg=s240-c-k-c0xffffffff-no-rj-mo"},
{id:"UCL34fAoFim9oHLbVzMKFavQ", name:"夜見れな/yorumi rena【にじさんじ所属】", posX:0.3676974680825088, posY:0.6337265939899723, url:"https://yt3.ggpht.com/a/AGF-l7-wZHBWAbPf3JhsO_f1drWj0aEt_2R4ngEemw=s240-c-k-c0xffffffff-no-rj-mo"},
{id:"UCmeyo5pRj_6PXG-CsGUuWWg", name:"黒井しば【にじさんじの犬】", posX:0.5792053060045793, posY:-0.41476781771557997, url:"https://yt3.ggpht.com/a/AGF-l7_rTF5ICrnh3rObRriyQAREWpv2e6WusYFHdg=s240-c-k-c0xffffffff-no-rj-mo"},
{id:"UCWz0CSYCxf4MhRKPDm220AQ", name:"【にじさんじ】神田笑一", posX:0.43656478015831046, posY:0.5089798722662143, url:"https://yt3.ggpht.com/a/AGF-l7-kqCPPlwKw7hMqdrprdBs6eBcLATjbleYUvw=s240-c-k-c0xffffffff-no-rj-mo"},
{id:"UCpnvhOIJ6BN-vPkYU9ls-Eg", name:"鈴谷アキの陽だまりの庭", posX:-0.5463844734166444, posY:-0.5475971425020866, url:"https://yt3.ggpht.com/a/AGF-l7-hRtES9KWosuUDU7blqQ-cN_qN1pM1GxPj3w=s240-c-k-c0xffffffff-no-rj-mo"},
{id:"UC0WwEfE-jOM2rzjpdfhTzZA", name:"愛園 愛美/Aizono Manami", posX:0.47559586472821236, posY:0.5733366699288983, url:"https://yt3.ggpht.com/a/AGF-l7_3F7Uk9fEIwXPZe3h5doe-dNWN9usImrDi=s240-c-k-c0xffffffff-no-rj-mo"},
{id:"UCUc8GZfFxtmk7ZwSO7ccQ0g", name:"ニュイ・ソシエール //[Nui Sociere]", posX:-0.4398460561817814, posY:0.7018726985486415, url:"https://yt3.ggpht.com/a/AGF-l79NWtzmM-yOQIFvFNSrui1q_eO7yodDpou5Ag=s240-c-k-c0xffffffff-no-rj-mo"},
{id:"UCNW1Ex0r6HsWRD4LCtPwvoQ", name:"三枝明那 / Akina Saegusa", posX:0.5499415496782885, posY:0.5571479231731936, url:"https://yt3.ggpht.com/a/AGF-l78SwKo2lclKWwVhY4YGVY59ajwkLUMZMDBHjA=s240-c-k-c0xffffffff-no-rj-mo"},
{id:"UCXU7YYxy_iQd3ulXyO-zC2w", name:"伏見ガク【にじさんじ所属】", posX:0.3477307494091909, posY:-0.5802579272129346, url:"https://yt3.ggpht.com/a/AGF-l79L9G_1H0fhygKpcAYW_1InzEwynT7uUTNUNw=s240-c-k-c0xffffffff-no-rj-mo"},
{id:"UCfipDDn7wY-C-SoUChgxCQQ", name:"葉山舞鈴 / Hayama Marin【にじさんじ所属】", posX:-0.5131955197707698, posY:0.6785412812535477, url:"https://yt3.ggpht.com/a/AGF-l7-YVWisRIWpad7G2mE5__K3n-24k6hNPZpq2w=s240-c-k-c0xffffffff-no-rj-mo"},
{id:"UCo7TRj3cS-f_1D9ZDmuTsjw", name:"町田ちま【にじさんじ】", posX:0.6488360592437921, posY:-0.39407314553132283, url:"https://yt3.ggpht.com/a/AGF-l79eDWXTPZe2Enw2hBvZi-qsB7qiL1UbdUJOkQ=s240-c-k-c0xffffffff-no-rj-mo"},
{id:"UCeK9HFcRZoTrvqcUCtccMoQ", name:"渋谷ハジメのはじめ支部", posX:-0.3546332884582335, posY:-0.3875025996467187, url:"https://yt3.ggpht.com/a/AGF-l78NqiqZmVyPMRRySCKTBTzScI39xTeTYXCbYw=s240-c-k-c0xffffffff-no-rj-mo"},
{id:"UCBiqkFJljoxAj10SoP2w2Cg", name:"文野環【にじさんじの野良猫】ふみのたまき", posX:-0.5314067514996192, posY:-0.6854803565754977, url:"https://yt3.ggpht.com/a/AGF-l78fDoNKN7Nou7ZZCl25plZxZ6UZb2bMEhfQpg=s240-c-k-c0xffffffff-no-rj-mo"},
{id:"UCLpYMk5h1bq8_GAFVBgXhPQ", name:"《IzumoKasumi》Project channel【にじさんじ】", posX:0.5056295254991804, posY:0.5256734281974987, url:"https://yt3.ggpht.com/a/AGF-l7-Gi7zFBt1gXe9Sl4rNF_osWMVGNZKASCG4hw=s240-c-k-c0xffffffff-no-rj-mo"},
{id:"UCg63a3lk6PNeWhVvMRM_mrQ", name:"小野町 春香 Onomachi Haruka にじさんじ", posX:-0.471390560556027, posY:-0.3198678032418987, url:"https://yt3.ggpht.com/a/AGF-l7-ICBzdKCrBbqi_Py88NMhSs9vYWl90D2wrZA=s240-c-k-c0xffffffff-no-rj-mo"},
{id:"UCryOPk2GZ1meIDt53tL30Tw", name:"Re‡D.E.放送局【鈴木勝/にじさんじ】", posX:0.5737933158425894, posY:0.4559949840101549, url:"https://yt3.ggpht.com/a/AGF-l78pLdqlQSov5ioYOTeV9gDvSXphNDTEj26Dig=s240-c-k-c0xffffffff-no-rj-mo"},
{id:"UCHX7YpFG8rVwhsHCx34xt7w", name:"雪城眞尋/Yukishiro Mahiro【にじさんじ所属】", posX:-0.5758525907729684, posY:-0.34305878612274926, url:"https://yt3.ggpht.com/a/AGF-l7-UNyEmD0j83USGZgfmop0lR5u1e_bVc087vw=s240-c-k-c0xffffffff-no-rj-mo"},
{id:"UCnRQYHTnRLSF0cLJwMnedCg", name:"相羽ういは〖Aiba Uiha〗にじさんじ所属", posX:0.5240942834545557, posY:0.8040555063426166, url:"https://yt3.ggpht.com/a/AGF-l787rV-sL1M57pmWfcFBDKrIlZvQtA3GoPgubg=s240-c-k-c0xffffffff-no-rj-mo"},
{id:"UCRV9d6YCYIMUszK-83TwxVA", name:"轟 京子", posX:0.6050835091301313, posY:0.15341543837424754, url:"https://yt3.ggpht.com/a/AGF-l79FqXiIjgQn-IaS6lTkIjONltnsG52yvV42tg=s240-c-k-c0xffffffff-no-rj-mo"},
{id:"UCuz0vzQgC8LRdS6lVV0UkUg", name:"遠北千南 / Achikita Chinami 【にじさんじ】", posX:0.6573795817766828, posY:-0.5064240311279903, url:"https://yt3.ggpht.com/a/AGF-l7-20CGdX9MeEm0ZE3zmj4t9f4J9MtSpYFBRfQ=s240-c-k-c0xffffffff-no-rj-mo"},
{id:"UCUzJ90o1EjqUbk2pBAy0_aw", name:"Gilzaren III Season 2", posX:-0.18900552447896865, posY:-0.7430549245869326, url:"https://yt3.ggpht.com/a/AGF-l79lRnEXQg0IPGXkJxx2TyqcjVeVTqwGZdsWwA=s240-c-k-c0xffffffff-no-rj-mo"},
{id:"UC6TfqY40Xt1Y0J-N18c85qQ", name:"安土桃", posX:0.6282154646552971, posY:0.4736120573293942, url:"https://yt3.ggpht.com/a/AGF-l7-2cdwsQelHighTZd2Y5YPokTByjA5sMmOSgQ=s240-c-k-c0xffffffff-no-rj-mo"},
{id:"UCvzVB-EYuHFXHZrObB8a_Og", name:"矢車りね - Rine Yaguruma -", posX:0.5983976824996993, posY:-0.5540277886468492, url:"https://yt3.ggpht.com/a/AGF-l78MAo5uxC404H_Bz9KaWB55NEEtlHuvcj-VXQ=s240-c-k-c0xffffffff-no-rj-mo"},
{id:"UCtnO2N4kPTXmyvedjGWdx3Q", name:"レヴィ・エリファ-Levi Elipha-", posX:-0.6999525833778252, posY:-0.5325126440817787, url:"https://yt3.ggpht.com/a/AGF-l797jz-6GjNrInag0IYDdFBSG8K-OGJ4kPIYEQ=s240-c-k-c0xffffffff-no-rj-mo"},
{id:"UCqQV8xEBWd5SVZBLlYrS_5Q", name:"月見しずく", posX:-0.3157975238082929, posY:0.7100438900759598, url:"https://yt3.ggpht.com/a/AGF-l794vAmgqLTddxhULGtXRw0ucgOECZoacf852g=s240-c-k-c0xffffffff-no-rj-mo"},
{id:"UCHK5wkevfaGrPr7j3g56Jmw", name:"瀬戸 美夜子 - Miyako Seto", posX:-0.5284080310740288, posY:0.47723571655454594, url:"https://yt3.ggpht.com/a/AGF-l78dJU97tROjJS_kUBPEooRb0dndVzhX6Xp_LA=s240-c-k-c0xffffffff-no-rj-mo"},
{id:"UCiSRx1a2k-0tOg-fs6gAolQ", name:"飛鳥ひな【にじさんじ所属】", posX:0.6735432039958392, posY:0.29478682759092956, url:"https://yt3.ggpht.com/a/AGF-l780SqNJnUtUmRCu8Cg4PIdEBzO9b1VIJ0XDcQ=s240-c-k-c0xffffffff-no-rj-mo"},
{id:"UCkIimWZ9gBJRamKF0rmPU8w", name:"天宮 こころ / Kokoro Amamiya 【にじさんじ所属】", posX:-0.883051818603489, posY:-0.7718214307235481, url:"https://yt3.ggpht.com/a/AGF-l78WbCrjx21jKphTRJGoS2ko8fY5OWwFry-Pyw=s240-c-k-c0xffffffff-no-rj-mo"},
{id:"UCufQu4q65z63IgE4cfKs1BQ", name:"語部紡", posX:-0.7775599043327107, posY:0.5199747522958698, url:"https://yt3.ggpht.com/a/AGF-l78ggB9iLl_21ly3G-vNHwgO1RNLc81t64FvDw=s240-c-k-c0xffffffff-no-rj-mo"},
{id:"UCpNH2Zk2gw3JBjWAKSyZcQQ", name:"エリー・コニファー / Eli Conifer【にじさんじ】", posX:-0.9405830908012298, posY:-0.835153750706231, url:"https://yt3.ggpht.com/a/AGF-l79HPXfTNfu61MIr_igZ3Tv9hk5Nb94j1OT3MQ=s240-c-k-c0xffffffff-no-rj-mo"},
{id:"UCtAvQ5U0aXyKwm2i4GqFgJg", name:"春崎エアル", posX:0.6381963100625513, posY:0.5450518168540589, url:"https://yt3.ggpht.com/a/AGF-l7_pnHKx_lioPtmWeHGMW_yRsoKXg8CUQ-OdBA=s240-c-k-c0xffffffff-no-rj-mo"},
{id:"UCIG9rDtgR45VCZmYnd-4DUw", name:"ラトナ・プティ -Ratna Petit -", posX:-0.95, posY:-0.8104526618830024, url:"https://yt3.ggpht.com/a/AGF-l78VHYZg2WFMxdxyQkLnb2MQhcvAAZSgb3-uEQ=s240-c-k-c0xffffffff-no-rj-mo"},
{id:"UCoM_XmK45j504hfUWvN06Qg", name:"成瀬 鳴", posX:0.6292798671533311, posY:-0.47288128913332217, url:"https://yt3.ggpht.com/a/AGF-l78KCnkQR-3hiGr8RLS5sLU075UDyCwXms3liA=s240-c-k-c0xffffffff-no-rj-mo"}]

collab_times_mat = [[339.0270487682245,2.311111111111111,5.033333333333332,12.919079939668176,0.6111111111111112,0.0,0.25,0.2,0.0,0.2,0.5269230769230769,0.2,0.058823529411764705,0.0,0.058823529411764705,1.0,0.0,0.2,0.0,0.2,0.8088235294117647,0.0,1.9468577174459525,3.5213675213675217,0.5769230769230769,0.07692307692307693,0.16993464052287582,0.0,0.0,0.18803418803418803,0.0,0.0,1.0,0.8088235294117647,0.058823529411764705,0.0,0.058823529411764705,0.0,0.1111111111111111,0.25,0.0,0.058823529411764705,0.5588235294117647,0.13574660633484165,0.0,0.0,0.058823529411764705,0.0,0.3333333333333333,0.0,0.0,0.38803418803418804,0.0,0.0,0.0,0.0,0.13574660633484165,0.0,0.0,0.0,0.07692307692307693,0.058823529411764705,0.2,0.058823529411764705,0.0,0.0,0.0,0.0,0.0,0.0,0.0,0.0,0.0,0.0,0.0,0.0,0.0,0.0,0.0,0.0,0.07692307692307693],
[2.311111111111111,781.0777278277305,2.3000000000000003,3.2261904761904767,0.993228993228993,2.361111111111111,1.825,0.1,24.570213120213108,0.8909090909090911,0.8102564102564103,1.0409090909090908,0.5094627594627594,1.0,17.977355977355984,1.875,1.2777777777777777,2.225,0.0,1.0,2.807539682539683,0.0,1.1861111111111111,1.202020202020202,2.4166666666666665,26.72136752136751,9.092796092796092,5.642857142857143,0.0,0.2111111111111111,1.152777777777778,0.0,0.0,3.416666666666667,0.21428571428571427,0.0,3.1726190476190474,0.25,7.497557997557996,0.16666666666666666,1.0,7.7,0.5492063492063493,1.45,0.0,1.0,2.21978021978022,3.7,0.07142857142857142,0.0,0.17142857142857143,1.6353535353535353,0.0,1.25,0.0,0.0,1.976190476190476,0.0,0.2,1.2337662337662338,0.0,0.42612942612942617,0.1,0.0,0.0,0.0,0.9816849816849815,0.0,0.0,0.8983516483516483,0.1,0.0,0.0,0.17142857142857143,0.0,0.0,0.0,0.0,0.09090909090909091,0.0,0.09090909090909091],
[5.033333333333332,2.3000000000000003,1129.8833333333328,6.676190476190476,0.65,0.0,0.0,1.0,0.2,1.1,0.25,0.0,0.5488095238095237,0.0,5.908333333333334,0.0,1.1988095238095235,0.125,0.0,0.8738095238095237,0.6738095238095237,0.0,1.3428571428571427,0.25,2.0595238095238093,40.14880952380951,0.0,1.5,0.0,0.0,2.625,0.6,0.3333333333333333,0.0,0.225,0.0,0.9238095238095236,0.0,0.5,0.0,0.0,0.2,0.5238095238095237,1.0595238095238095,0.0,0.0,0.0,0.42380952380952375,0.0,0.0,0.75,0.8238095238095238,0.26785714285714285,0.42380952380952375,0.0,0.0,0.7083333333333333,0.0,0.1,4.041666666666667,0.0,0.225,0.42380952380952375,0.5488095238095237,0.42380952380952375,0.0,0.125,0.225,0.14285714285714285,0.0,0.125,0.0,0.0,0.1,0.225,0.0,0.0,0.0,0.0,0.0,0.125],
[12.919079939668176,3.2261904761904767,6.676190476190476,510.58339797457415,2.892857142857143,1.45,1.1428571428571428,0.0,0.26785714285714285,0.5,0.20192307692307693,0.26785714285714285,1.4754901960784315,1.0,0.20168067226890757,1.0,0.0,0.39285714285714285,0.0,7.2749999999999995,2.401680672268908,0.0,9.454794225382459,2.09478021978022,2.2554945054945055,0.41025641025641024,1.3088235294117647,2.369047619047619,0.0,0.07692307692307693,1.25,0.0,6.452380952380952,0.9754901960784313,0.25882352941176473,0.0,0.22549019607843135,0.0,0.0,0.0,0.0,0.058823529411764705,0.058823529411764705,0.7964608920491272,0.0,0.0,1.3088235294117647,1.0,0.3333333333333333,0.0,0.0,0.07692307692307693,0.14285714285714285,0.0,0.0,0.0,0.7309847015729369,0.0,1.25,0.7857142857142857,1.0769230769230769,0.058823529411764705,0.0,0.058823529411764705,0.0,0.0,0.3333333333333333,0.0,0.6190476190476191,0.14285714285714285,0.0,0.0,0.0,0.0,0.25,0.0,0.0,0.0,0.125,0.0,0.07692307692307693],
[0.6111111111111112,0.993228993228993,0.65,2.892857142857143,724.6230380730375,15.866666666666655,0.14285714285714285,0.7916666666666667,8.644022644022643,0.8409090909090909,0.07692307692307693,1.283008658008658,2.722594072594073,5.199242424242424,14.177355977355976,3.4166666666666665,2.4075757575757577,1.4345238095238095,7.125000000000001,0.0,11.513528138528136,0.0,0.1111111111111111,1.5948773448773448,0.0,0.5844988344988344,1.3503718503718503,1.226190476190476,0.0,0.1111111111111111,0.0,1.7,0.0,0.25757575757575757,4.638528138528139,0.0,13.38095238095238,0.0,10.039224664224662,3.083333333333333,0.0,2.8666666666666667,0.07142857142857142,0.25,0.0,1.0833333333333333,1.5440226440226439,0.0,0.07142857142857142,0.9333333333333333,0.8642857142857143,0.7448773448773449,0.5,0.0,0.0,0.0,0.0,0.3333333333333333,0.0,1.317099567099567,0.0,0.215018315018315,0.0,0.39999999999999997,0.0,0.0,0.14835164835164835,0.0,0.0,0.2912087912087912,0.0,0.0,0.9333333333333333,0.07142857142857142,0.0,0.0,0.0,0.0,0.09090909090909091,0.0,0.09090909090909091],
[0.0,2.361111111111111,0.0,1.45,15.866666666666655,383.4969696969698,0.0,1.1666666666666667,4.765151515151514,0.0,0.05555555555555555,0.6666666666666667,3.1666666666666665,8.624242424242423,6.166666666666666,0.8333333333333333,3.765151515151515,2.2575757575757573,4.783333333333332,0.2,2.2833333333333337,0.0,0.05555555555555555,0.0,0.75,0.6666666666666667,1.0833333333333333,0.0,0.0,0.0,0.2777777777777778,0.45,0.0,0.75,1.2555555555555555,0.0,1.222222222222222,0.25,6.431818181818182,0.16666666666666666,0.0,1.25,0.5151515151515151,0.3055555555555556,0.09090909090909091,2.090909090909091,2.765151515151515,0.09090909090909091,0.05555555555555555,0.09090909090909091,0.0,0.09090909090909091,0.0,0.09090909090909091,1.0,0.09090909090909091,0.05555555555555555,0.09090909090909091,0.05555555555555555,0.0,0.0,0.3333333333333333,0.0,0.05555555555555555,0.0,0.0,0.0,0.05555555555555555,0.0,0.3055555555555556,0.0,0.0,0.0,0.0,0.0,0.0,0.0,0.0,0.0,0.0,0.0],
[0.25,1.825,0.0,1.1428571428571428,0.14285714285714285,0.0,536.7690476190485,0.0,0.0,0.0,0.45,3.392857142857143,1.0,0.0,0.0,0.875,0.0,1.2678571428571428,0.25,3.583333333333333,1.0178571428571428,0.0,1.325,0.0,12.666666666666671,0.75,0.0,0.0,0.0,0.0,0.875,0.0,5.833333333333332,0.0,0.0,0.0,0.875,0.0,0.0,2.25,0.0,0.5,0.0,0.2,0.0,0.0,0.0,0.0,0.0,0.0,0.0,0.0,0.0,0.0,0.0,0.0,0.0,0.0,0.0,0.0,0.0,0.0,0.0,0.0,0.0,0.0,0.0,0.0,0.0,0.14285714285714285,0.0,0.0,0.0,0.0,0.0,0.0,0.0,0.0,0.0,0.0,0.0],
[0.2,0.1,1.0,0.0,0.7916666666666667,1.1666666666666667,0.0,280.76515151515133,1.0,0.0,0.0,0.7916666666666667,0.09090909090909091,2.125,0.0,1.9999999999999998,1.3333333333333333,8.932575757575755,0.7916666666666667,0.0,1.9916666666666667,1.9999999999999998,0.0,1.2,0.0,0.55,0.09090909090909091,0.0,2.333333333333333,0.1,0.0,0.09090909090909091,0.0,8.033333333333333,0.09090909090909091,0.0,0.34090909090909094,0.0,5.708333333333334,0.0,0.0,0.0,0.09090909090909091,0.0,0.0,0.0,0.0,0.0,0.0,0.0,0.19090909090909092,3.05,0.0,0.09090909090909091,0.0,0.09090909090909091,0.0,2.0,0.0,0.0,0.0,0.0,0.30000000000000004,0.0,0.0,0.0,0.0,0.0,0.0,0.0,0.1,0.0,0.0,0.1,0.0,0.0,0.0,0.0,1.75,0.0,0.0],
[0.0,24.570213120213108,0.2,0.26785714285714285,8.644022644022643,4.765151515151514,0.0,1.0,581.6450400476731,0.09090909090909091,0.20192307692307693,0.38257575757575757,0.196221322537112,3.7575757575757565,48.772844699160494,0.0,0.40111642743221687,0.14354066985645933,3.9999999999999982,1.125,0.16666666666666669,0.0,0.0,1.9659090909090908,0.0,4.296221322537113,5.462887989203779,1.8928571428571428,0.0,0.0,0.0,0.05263157894736842,0.0,0.16666666666666669,1.9216791979949874,0.0,1.6716791979949874,0.0,14.044455544455548,0.41666666666666663,3.1666666666666665,8.45,0.23444976076555024,1.125,0.09090909090909091,1.0909090909090908,8.747087123402912,3.090909090909091,0.0,0.4242424242424242,0.0,1.1818181818181819,0.0,0.09090909090909091,0.0,0.14354066985645933,1.6954887218045112,0.09090909090909091,0.0,4.543290043290043,0.0,0.14358974358974358,0.0,0.11929824561403508,0.0,0.0,0.24358974358974358,0.05263157894736842,0.0,0.07692307692307693,0.0,0.0,0.3333333333333333,0.05263157894736842,0.05263157894736842,0.0,0.0,0.0,0.2159090909090909,0.0,0.14354066985645933],
[0.2,0.8909090909090911,1.1,0.5,0.8409090909090909,0.0,0.0,0.0,0.09090909090909091,340.3651515151514,0.2,0.45757575757575764,0.25,0.0,1.190909090909091,0.0,0.0,0.0,0.0,1.1666666666666665,0.0,0.0,0.9166666666666666,0.38257575757575757,1.125,1.3916666666666666,0.0,5.0,0.0,0.0,1.5,0.0,0.0,0.0,0.0,0.0,0.0,0.0,0.0,0.0,0.0,0.125,0.0,0.25,0.0,0.0,0.125,0.0,0.0,0.0,0.125,0.09090909090909091,0.0,0.0,0.0,0.0,0.0,0.0,0.0,0.2159090909090909,0.0,0.0,0.0,0.25,0.0,0.0,0.0,0.25,0.0,0.0,0.0,0.0,0.0,0.0,0.0,0.0,0.0,0.0,0.09090909090909091,0.0,0.09090909090909091],
[0.5269230769230769,0.8102564102564103,0.25,0.20192307692307693,0.07692307692307693,0.05555555555555555,0.45,0.0,0.20192307692307693,0.2,1590.2136807636803,0.325,3.978726828726829,0.16666666666666666,4.701923076923077,0.8666666666666667,0.5010101010101011,1.125,0.0,0.525,0.5593434343434343,0.0,1.0029331779331778,0.3269230769230769,1.0531135531135531,3.055649905649906,3.6648379398379403,0.4454545454545455,0.0,0.41025641025641024,0.045454545454545456,0.4,0.25,1.1883116883116882,0.7926767676767676,0.0,3.1196608946608944,0.0,0.07692307692307693,0.75,0.0,0.0,0.22601010101010102,0.8124569874569876,0.0,0.0,0.8527167277167278,0.5095238095238095,0.18055555555555555,0.0,0.0,0.12237762237762238,0.4583333333333333,0.0,0.0,0.0,0.3824786324786325,0.16666666666666666,0.10101010101010101,0.29545454545454547,0.07692307692307693,1.7037268287268288,0.25,0.5010101010101011,0.0,0.0,2.7612665112665113,0.41053391053391053,0.0,0.47970085470085466,0.125,0.0,0.0,0.0,0.045454545454545456,0.0,0.0,0.0,0.125,0.0,1.2019230769230769],
[0.2,1.0409090909090908,0.0,0.26785714285714285,1.283008658008658,0.6666666666666667,3.392857142857143,0.7916666666666667,0.38257575757575757,0.45757575757575764,0.325,199.19935064935086,0.1575757575757576,0.8825757575757576,0.1575757575757576,0.25,0.25757575757575757,1.1845238095238098,1.0416666666666667,0.5416666666666666,6.1837662337662325,0.0,0.9166666666666666,0.38257575757575757,0.0,1.1742424242424243,0.25757575757575757,0.3333333333333333,0.0,0.25,0.0,5.241666666666666,0.0,1.0825757575757575,0.38257575757575757,0.0,0.2916666666666667,0.0,0.7916666666666667,0.5,0.0,0.5,0.0,0.125,0.0,0.0,0.1575757575757576,0.0,0.0,0.0,0.125,0.09090909090909091,0.0,0.0,0.3333333333333333,0.0,0.0,0.0,0.125,0.09090909090909091,0.0,0.06666666666666667,0.0,0.06666666666666667,0.0,0.0,0.0,0.2,0.0,0.14285714285714285,0.0,0.0,0.0,0.0,0.0,0.0,0.0,0.0,0.2159090909090909,0.0,0.09090909090909091],
[0.058823529411764705,0.5094627594627594,0.5488095238095237,1.4754901960784315,2.722594072594073,3.1666666666666665,1.0,0.09090909090909091,0.196221322537112,0.25,3.978726828726829,0.1575757575757576,399.66874771255505,0.25757575757575757,1.3574258043298288,0.0,2.314067365383155,0.22687400318979264,0.0,1.4238095238095236,9.302402172990409,0.0,0.8765002970885324,0.25,0.1111111111111111,13.492541668857449,13.129215126119147,5.0196969696969695,0.0,0.0,1.6565656565656566,2.2447311460469352,0.0,1.4324887530769885,3.2681650650690894,0.0,10.065748037652062,2.9440476190476184,0.3269230769230769,0.0,0.0,4.5588235294117645,9.312537359441382,1.3916518122400474,0.0,1.0595238095238095,3.714604736508761,0.8904761904761904,1.6031746031746028,0.125,0.6801948051948051,1.385930735930736,0.125,0.5980519480519481,0.0,1.6197311460469352,1.2086773305813554,0.16666666666666666,1.601010101010101,0.17045454545454547,0.0,1.621280516868752,0.7313852813852814,1.8478187447227692,0.5904761904761904,0.0,6.919671994671995,0.6536416799574694,0.0,3.13446275946276,0.4087662337662337,0.0,0.0,0.12406015037593984,0.798086124401914,0.0,0.0,0.0,0.08333333333333333,0.0,0.18596491228070172],
[0.0,1.0,0.0,1.0,5.199242424242424,8.624242424242423,0.0,2.125,3.7575757575757565,0.0,0.16666666666666666,0.8825757575757576,0.25757575757575757,213.48030303030316,4.866666666666667,0.0,0.18181818181818182,1.4916666666666667,24.774999999999988,0.0,2.3825757575757573,0.0,0.0,0.0,0.0,0.25757575757575757,1.090909090909091,0.0,9.5,0.0,0.0,0.7333333333333334,0.0,0.09090909090909091,0.09090909090909091,0.0,0.16666666666666666,0.0,1.1325757575757578,0.0,0.0,0.2,0.790909090909091,0.0,0.09090909090909091,0.09090909090909091,1.765151515151515,0.5,0.0,0.09090909090909091,0.0,0.0,0.0,0.0,0.0,0.0,0.0,0.25757575757575757,0.7,0.0,0.0,0.0,0.0,0.0,0.0,0.0,0.0,0.0,0.0,0.0,0.0,0.0,0.0,0.0,0.0,0.0,0.0,0.0,0.0,0.0,0.0],
[0.058823529411764705,17.977355977355984,5.908333333333334,0.20168067226890757,14.177355977355976,6.166666666666666,0.0,0.0,48.772844699160494,1.190909090909091,4.701923076923077,0.1575757575757576,1.3574258043298288,4.866666666666667,1638.7411863849932,0.0,0.5109649122807017,0.25263157894736843,8.383333333333335,2.0666666666666664,7.297315592903829,0.0,0.058823529411764705,0.8448773448773448,1.4166666666666665,3.20379708011287,0.2550448519488767,3.35515873015873,0.0,0.0,5.333333333333333,0.4768740031897927,0.0,1.9588235294117644,2.4991895960936206,0.0,2.1452213421253665,0.0,3.3031135531135534,0.0,3.666666666666667,16.708823529411767,0.9868880087920336,7.7254901960784315,0.0,1.5,1.7907591376631622,1.5027777777777778,0.0,0.9333333333333333,0.2857142857142857,1.8337662337662335,0.125,0.1575757575757576,0.0,3.302631578947368,1.365423362327387,0.0,0.2,14.727813852813851,0.0,0.5813815269697622,0.1575757575757576,0.3876455845496093,0.1575757575757576,0.0,0.3447802197802198,0.05263157894736842,0.0,0.07692307692307693,0.26785714285714285,0.09090909090909091,0.9333333333333333,1.1435406698564594,0.05263157894736842,0.0,0.0,0.0,0.2909090909090909,0.0,0.37965178096757046],
[1.0,1.875,0.0,1.0,3.4166666666666665,0.8333333333333333,0.875,1.9999999999999998,0.0,0.0,0.8666666666666667,0.25,0.0,0.0,0.0,278.71666666666624,0.0,1.375,0.0,0.0,0.875,1.9999999999999998,0.875,1.0,1.1666666666666665,0.0,0.2,1.0,1.9166666666666665,0.25,4.375,0.45,0.0,0.2,0.4,0.0,3.6583333333333337,0.0,0.0,0.0,0.0,0.0,0.25,0.0,0.25,0.75,0.0,0.2,0.0,0.25,0.25,0.0,0.0,1.0,0.0,0.6666666666666666,0.0,0.0,0.0,0.0,0.0,0.0,0.5833333333333333,0.0,0.5,0.0,0.0,0.0,0.0,0.0,0.0,0.0,0.0,0.8333333333333333,0.0,0.0,0.25,0.0,0.0,0.0,0.0],
[0.0,1.2777777777777777,1.1988095238095235,0.0,2.4075757575757577,3.765151515151515,0.0,1.3333333333333333,0.40111642743221687,0.0,0.5010101010101011,0.25757575757575757,2.314067365383155,0.18181818181818182,0.5109649122807017,0.0,416.5751044277349,1.7602073365231257,0.0,1.3238095238095238,7.153102453102451,0.0,0.151010101010101,0.0,0.1111111111111111,2.6314916078073978,2.837480063795853,4.669696969696969,0.0,0.0,1.7815656565656566,1.1359649122807016,0.0,0.41414141414141414,4.12914673046252,0.0,2.3092693855851754,0.0,2.1818181818181817,0.0,0.0,0.0,3.6196229209387107,0.33282828282828286,0.09090909090909091,0.5075757575757576,4.72535885167464,5.814718614718614,0.1388888888888889,0.09090909090909091,3.4833333333333334,1.2935064935064935,0.0,0.598051948051948,0.0,0.610207336523126,0.4415204678362573,0.09090909090909091,0.351010101010101,0.7121212121212122,0.0,1.0204545454545453,0.5647186147186147,2.4878047391205285,0.42380952380952375,0.0,1.0133838383838383,0.41197501329080277,0.0,0.3055555555555556,0.6825757575757576,0.0,0.0,0.05263157894736842,0.47308612440191383,0.0,0.0,0.0,0.36666666666666664,0.0,0.26929824561403504],
[0.2,2.225,0.125,0.39285714285714285,1.4345238095238095,2.2575757575757573,1.2678571428571428,8.932575757575755,0.14354066985645933,0.0,1.125,1.1845238095238098,0.22687400318979264,1.4916666666666667,0.25263157894736843,1.375,1.7602073365231257,331.90461380724525,1.0416666666666667,0.0,1.8095238095238098,0.0,0.875,0.0,0.0,2.5276315789473682,0.4768740031897927,0.0,0.0,0.1,2.875,0.34354066985645937,0.0,1.6666666666666665,0.2685406698564593,0.0,1.1018740031897925,0.0,0.8825757575757577,0.0,0.0,0.0,1.0177830940988835,0.0,0.0,0.08333333333333333,0.14354066985645933,0.09090909090909091,0.0,0.0,0.19090909090909092,28.424242424242426,0.0,7.765151515151516,0.0,6.817783094098884,0.05263157894736842,1.0,0.7,0.0,0.0,0.0,1.2999999999999998,0.05263157894736842,0.0,0.0,0.125,0.5526315789473684,0.0,0.14285714285714285,0.225,0.0,0.0,0.15263157894736842,0.3026315789473684,0.0,0.0,0.0,2.283333333333333,0.0,1.2609649122807016],
[0.0,0.0,0.0,0.0,7.125000000000001,4.783333333333332,0.25,0.7916666666666667,3.9999999999999982,0.0,0.0,1.0416666666666667,0.0,24.774999999999988,8.383333333333335,0.0,0.0,1.0416666666666667,183.33333333333343,0.0,0.7916666666666667,0.0,0.0,0.0,0.0,0.0,0.125,0.0,8.33333333333333,0.0,1.0,0.325,0.0,0.6666666666666666,0.125,0.0,0.125,0.0,0.7916666666666667,0.0,0.0,0.95,0.125,0.0,0.0,0.0,0.0,0.3333333333333333,0.0,0.9333333333333333,0.3333333333333333,0.0,0.0,0.0,0.0,0.125,0.0,0.0,0.0,0.0,0.0,0.0,0.0,0.0,0.0,0.0,0.0,0.0,0.0,0.125,0.0,0.0,0.9333333333333333,0.0,0.0,0.0,0.0,0.0,0.0,0.0,0.0],
[0.2,1.0,0.8738095238095237,7.2749999999999995,0.0,0.2,3.583333333333333,0.0,1.125,1.1666666666666665,0.525,0.5416666666666666,1.4238095238095236,0.0,2.0666666666666664,0.0,1.3238095238095238,0.0,0.0,547.3642857142858,0.6238095238095237,0.0,5.116666666666667,0.875,8.083333333333332,1.5904761904761904,0.0,8.649999999999999,0.0,0.0,0.0,0.25,3.166666666666667,0.0,0.2,0.0,0.42380952380952375,0.0,0.0,0.0,1.0,0.0,0.6738095238095237,1.125,0.0,1.0,0.0,1.5904761904761904,0.0,3.333333333333333,0.6666666666666666,4.923809523809523,20.499999999999996,0.42380952380952375,0.0,0.0,1.4166666666666665,0.0,0.0,6.333333333333333,0.0,1.0,1.4238095238095236,3.6571428571428575,0.42380952380952375,0.0,1.25,0.0,0.0,0.0,1.1666666666666665,0.0,0.0,1.0,0.0,0.0,0.0,0.0,0.125,0.0,0.0],
[0.8088235294117647,2.807539682539683,0.6738095238095237,2.401680672268908,11.513528138528136,2.2833333333333337,1.0178571428571428,1.9916666666666667,0.16666666666666669,0.0,0.5593434343434343,6.1837662337662325,9.302402172990409,2.3825757575757573,7.297315592903829,0.875,7.153102453102451,1.8095238095238098,0.7916666666666667,0.6238095238095237,588.281788472966,0.0,1.0848336304218658,0.5611111111111111,0.4444444444444444,10.980050505050503,4.182957728545964,1.1724747474747474,1.0,0.0,3.9065656565656566,9.126190476190475,0.25,17.53129827688651,4.652402172990409,0.0,4.613080383668619,0.125,4.041666666666667,2.0,0.0,0.058823529411764705,2.749949070537306,4.141651812240047,1.0,0.0,2.9425897631779985,3.4599206349206355,0.12698412698412698,0.125,1.9642857142857142,0.7692640692640692,0.125,0.42380952380952375,0.0,0.05,0.47549019607843135,0.0,0.226010101010101,0.6704545454545454,0.0,1.963008233596469,0.8147186147186147,2.146377641965877,0.42380952380952375,0.0,1.787193362193362,0.726010101010101,0.0,0.2698412698412698,0.5754329004329004,0.0,0.0,0.07142857142857142,0.17045454545454547,0.0,0.0,0.0,0.0,0.0,0.2861111111111111],
[0.0,0.0,0.0,0.0,0.0,0.0,0.0,1.9999999999999998,0.0,0.0,0.0,0.0,0.0,0.0,0.0,1.9999999999999998,0.0,0.0,0.0,0.0,0.0,279.9999999999999,0.0,0.0,0.0,0.0,0.0,0.0,0.0,0.0,0.0,0.0,0.0,6.5,1.0,0.0,0.0,0.0,0.0,0.0,0.0,0.0,0.0,0.0,0.0,0.0,0.0,0.0,0.0,0.0,0.0,0.0,0.0,0.0,0.0,0.0,0.0,0.0,0.0,0.0,0.0,0.0,1.0,0.0,0.5,0.0,0.0,0.0,0.0,0.0,0.0,0.0,0.0,0.0,0.0,0.0,0.0,0.0,0.0,0.0,0.0],
[1.9468577174459525,1.1861111111111111,1.3428571428571427,9.454794225382459,0.1111111111111111,0.05555555555555555,1.325,0.0,0.0,0.9166666666666666,1.0029331779331778,0.9166666666666666,0.8765002970885324,0.0,0.058823529411764705,0.875,0.151010101010101,0.875,0.0,5.116666666666667,1.0848336304218658,0.0,398.33383087500727,1.313034188034188,3.529304029304029,0.3445998445998446,0.2653891859774213,0.9287878787878787,0.0,1.438034188034188,0.9204545454545454,0.75,1.6428571428571428,0.2709447415329768,0.2098336304218657,0.0,1.2515002970885325,0.0,0.1111111111111111,0.0,0.0,0.3088235294117647,0.5848336304218658,0.7724709930592284,0.0,0.0,0.058823529411764705,0.05,0.18055555555555555,0.0,1.5,0.2834887334887335,0.14285714285714285,0.0,0.0,0.05,2.2924926380808732,0.0,0.10101010101010101,1.4204545454545454,0.41025641025641024,0.4598336304218657,0.05,0.4598336304218657,0.25,0.0,0.22045454545454546,0.40101010101010104,0.2857142857142857,0.05555555555555555,0.05,0.0,0.0,0.0,0.045454545454545456,0.0,0.0,0.0,0.0,0.0,0.12692307692307692],
[3.5213675213675217,1.202020202020202,0.25,2.09478021978022,1.5948773448773448,0.0,0.0,1.2,1.9659090909090908,0.38257575757575757,0.3269230769230769,0.38257575757575757,0.25,0.0,0.8448773448773448,1.0,0.0,0.0,0.0,0.875,0.5611111111111111,0.0,1.313034188034188,337.0015373515373,4.178113553113553,0.8185897435897436,0.1111111111111111,0.8968253968253967,0.0,1.188034188034188,0.0,0.0,0.14285714285714285,0.2,0.1111111111111111,0.0,0.0,0.0,0.1111111111111111,0.0,0.0,0.125,0.125,8.03525641025641,0.0,0.0,1.375,0.1111111111111111,0.125,0.0,0.7678571428571428,0.9218004218004219,0.8333333333333333,0.0,0.0,0.0,8.789224664224664,0.0,0.0,0.6266233766233766,0.07692307692307693,0.1111111111111111,0.0,0.0,0.0,0.0,0.125,0.0,0.3333333333333333,0.0,0.0,0.0,0.0,0.0,0.0,0.0,0.0,0.0,0.2159090909090909,0.0,1.278943278943279],
[0.5769230769230769,2.4166666666666665,2.0595238095238093,2.2554945054945055,0.0,0.75,12.666666666666671,0.0,0.0,1.125,1.0531135531135531,0.0,0.1111111111111111,0.0,1.4166666666666665,1.1666666666666665,0.1111111111111111,0.0,0.0,8.083333333333332,0.4444444444444444,0.0,3.529304029304029,4.178113553113553,584.6022588522591,0.7297008547008547,0.16666666666666666,2.142857142857143,0.0,0.07692307692307693,0.3333333333333333,0.0,6.619047619047618,0.25396825396825395,0.1111111111111111,0.0,1.3095238095238093,0.0,0.75,0.0,0.0,0.125,0.41666666666666663,10.83882783882784,0.0,0.0,0.375,0.30952380952380953,0.0,0.0,0.375,0.07692307692307693,0.39285714285714285,0.0,0.0,0.0,4.279304029304029,0.0,0.0,0.26785714285714285,0.07692307692307693,0.16666666666666666,0.0,0.1111111111111111,0.0,0.0,0.2777777777777778,0.30952380952380953,0.6190476190476191,0.0,0.16666666666666666,0.3333333333333333,0.0,0.3333333333333333,0.0,0.3333333333333333,0.0,0.0,0.0,0.0,0.07692307692307693],
